#DADOS
#ict  sexo (1-masculino 2-feminino)   idade  1-administrativo 2-operacional  álcool 1-não fuma 2-fuma
22 1 33 1 3 1
36 1 21 2 2 1
25 1 29 1 1 1
32 1 22 2 4 1
31 2 17 1 3 1
30 1 24 1 4 2
34 1 28 2 3 1
27 1 31 2 5 1
23 2 23 1 2 2
29 1 24 1 3 1
30 2 16 1 2 1
37 2 27 2 3 2
26 1 33 1 2 2
29 1 23 1 1 1
35 2 19 2 3 1
38 2 28 2 3 2
43 2 21 2 4 1
33 2 28 2 2 1
20 2 29 1 3 1
36 2 32 2 3 2
38 1 27 2 3 1
40 1 20 2 4 1
31 2 30 2 2 1
35 1 23 2 2 1
36 1 25 2 3 2
42 2 19 2 4 1
33 1 29 2 4 1
39 1 22 2 3 1
31 1 32 2 4 1
33 2 26 2 4 1
38 1 24 2 3 1
32 2 23 1 2 1
38 1 29 2 1 1
35 1 24 2 4 1
19 1 21 1 3 1
33 1 28 2 3 1
48 1 18 2 3 2
47 2 14 2 3 2
38 1 20 2 3 1
40 2 23 2 3 1
29 1 20 1 3 1
26 1 19 1 1 2
23 1 37 1 2 1
31 1 21 1 2 1
34 1 20 2 2 2
35 2 27 2 4 1
44 1 16 2 1 1
30 1 31 2 3 2
31 2 24 2 2 2
36 2 24 2 2 1
42 1 25 2 4 1
34 1 31 2 3 1
29 2 28 2 4 2
22 1 32 1 2 1
39 1 27 2 4 1
36 2 28 2 4 1
21 1 25 1 2 1
36 1 21 2 4 2
39 2 31 2 2 2
37 1 27 2 1 2
28 1 31 2 1 1
26 1 39 2 2 2
30 2 24 1 4 1
42 2 20 2 4 1
38 1 26 2 4 1
35 1 29 2 3 1
28 2 23 1 4 2
37 1 27 2 2 2
40 1 24 2 3 1
37 1 24 2 2 1
39 2 25 2 3 1
34 1 21 1 3 1
48 2 17 2 3 2
26 1 26 1 4 2
37 2 13 1 3 1
33 1 21 2 3 2
45 1 18 2 2 1
39 1 13 1 4 1
22 1 29 1 2 1
41 2 25 2 3 1
20 1 29 1 3 2
34 2 25 1 4 2
37 1 19 2 4 1
43 1 24 2 3 2
30 1 24 1 3 1
43 2 26 2 4 1
36 2 33 2 4 2
29 1 23 1 3 1
40 1 24 2 2 1
23 1 28 1 3 1
37 2 25 2 4 1
28 1 20 1 2 2
37 1 24 2 3 1
38 2 27 2 2 1
31 1 23 1 3 1
44 2 15 2 5 1
38 1 22 2 1 1
36 2 24 2 5 1
20 2 30 1 3 1
36 1 27 2 2 1